
-60.829354106051234
48.744153089708924
48.744153089708924
46.920897731938695
46.920897731938695
-112.02838998755065
-112.02838998755065
-112.02838998755065
-112.02838998755065
-112.02838998755065
-112.02838998755065
177.74089418067834
177.74089418067834
177.74089418067834
177.74089418067834
-94.07088127362857
-63.327678677070956
-63.327678677070956
-108.39602231442375
-108.39602231442375
-108.39602231442375
-69.44551395799768
-69.44551395799768
-69.44551395799768
-69.44551395799768
-169.11390507831607
-51.04973675432904
-51.04973675432904
-51.04973675432904
-26.93421736206969
-26.93421736206969
-26.93421736206969
-26.93421736206969
-26.93421736206969
-26.93421736206969
-17.98463206678192
-17.98463206678192
-17.98463206678192
-17.98463206678192
-17.98463206678192
-17.98463206678192
-17.98463206678192
-17.98463206678192
-17.98463206678192
-17.98463206678192
-17.98463206678192
-17.98463206678192
-17.98463206678192
-17.98463206678192
-17.98463206678192
-17.98463206678192
-17.98463206678192
-17.98463206678192
-17.98463206678192
-17.98463206678192
-17.98463206678192
-17.98463206678192
-17.98463206678192
3.502987556133986
3.502987556133986
3.502987556133986
3.502987556133986
3.502987556133986
3.502987556133986
3.502987556133986
3.502987556133986
3.502987556133986
3.502987556133986
3.502987556133986
3.502987556133986
3.502987556133986
3.502987556133986
3.502987556133986
3.502987556133986
3.502987556133986
3.502987556133986
3.502987556133986
3.502987556133986
3.502987556133986
3.502987556133986
3.502987556133986
3.502987556133986
3.502987556133986
3.502987556133986
3.502987556133986
3.502987556133986
3.502987556133986
3.502987556133986
3.502987556133986
3.502987556133986
3.502987556133986
3.502987556133986
3.502987556133986
3.502987556133986
3.502987556133986
3.502987556133986
3.502987556133986
3.502987556133986
3.502987556133986
3.502987556133986
3.502987556133986
3.502987556133986
3.502987556133986
3.502987556133986
3.502987556133986
3.502987556133986
3.502987556133986
3.502987556133986
3.502987556133986
3.502987556133986
3.502987556133986
3.502987556133986
3.502987556133986
17.80260529679286
17.80260529679286
17.80260529679286
17.80260529679286
17.80260529679286
17.80260529679286
17.80260529679286
17.80260529679286
17.80260529679286
17.80260529679286
17.80260529679286
17.80260529679286
17.80260529679286
17.80260529679286
17.80260529679286
17.80260529679286
17.80260529679286
17.80260529679286
17.80260529679286
17.80260529679286
17.80260529679286
17.80260529679286
17.80260529679286
17.80260529679286
17.80260529679286
17.80260529679286
17.80260529679286
17.80260529679286
17.80260529679286
17.80260529679286
17.80260529679286
17.80260529679286
17.80260529679286
17.80260529679286
17.80260529679286
17.80260529679286
17.80260529679286
17.80260529679286
17.80260529679286
17.80260529679286
17.80260529679286
17.80260529679286
17.80260529679286
17.80260529679286
17.80260529679286
17.80260529679286
17.80260529679286
17.80260529679286
17.80260529679286
17.80260529679286
17.80260529679286
17.80260529679286
17.80260529679286
17.80260529679286
17.80260529679286
17.80260529679286
17.80260529679286
17.80260529679286
17.80260529679286
17.80260529679286
17.80260529679286
17.80260529679286
17.80260529679286
17.80260529679286
17.80260529679286
17.80260529679286
17.80260529679286
17.80260529679286
17.80260529679286
17.80260529679286
17.80260529679286
17.80260529679286
17.80260529679286
17.80260529679286
17.80260529679286
17.80260529679286
17.80260529679286
17.80260529679286
17.80260529679286
17.80260529679286
17.80260529679286
17.80260529679286
17.80260529679286
17.80260529679286
17.80260529679286
17.80260529679286
17.80260529679286
17.80260529679286
17.80260529679286
17.80260529679286
17.80260529679286
17.80260529679286
17.80260529679286
17.80260529679286
17.80260529679286