
-6335.645637147353
-6279.016060698164
-6098.0695446583095
-6168.7743933865995
-5974.60672985631
-6110.5024096990355
-6164.632899832737
-6072.838983853901
-5955.201241153291
-6095.523921767653
-6020.626894090375
-6006.543921096102
-5927.904658715116
-5945.6409498179355
-5804.887320777809
-5881.28224354369
-5798.037559181591
-5916.466076048727
-5774.468020925137
-5663.888947554802
-5821.664655929446
-5811.5226230511025
-5735.59427672641
-5699.282910386345
-5575.640450186729
-5550.5850998244
-5740.4446755868585
-5673.782123392745
-5631.598721376961
-5529.853789561871
-5500.428310966523
-5645.983141091594
-5456.545795946164
-5354.232588299625
-5604.33462921941
-5343.491294527012
-5340.683079323522
-5330.3000854668435
-5230.663256851596
-5599.617632856619
-5170.661289076613
-5207.091249225304
-5201.025178048564
-5049.973412087008
-5075.929661894739
-4972.042614354751
-5180.837658061035
-5369.130068209017
-5406.203266012402
-5310.668066705127
-5220.596325869966
-5148.580333749193
-5264.864713886857
-5218.746912154037
-4910.634557045778
-4932.16484463671
-4912.293868649804
-5007.788583256118
-5185.583631509622
-5176.188584332162
-5181.044324054472
-5242.979232069139
-4955.2977128216935
-4958.250423263017
-4932.0662554203955
-5240.116612296358
-5242.684357130607
-4931.92539756634
-5112.729829809925
-5134.519776009243
-5069.398148291473
-5296.393480714437
-5112.1674626498
-5123.066533678597
-5047.0519589322885
-4942.0015560802185
-5023.427753676503
-5085.13132934786
-5229.707741805235
-5242.189434350259
-5140.617032804318
-5034.7592050556605
-5186.67002826348
-5031.458815684838
-4938.447293149989
-4898.192766904946
-5125.080203558375
-5215.771235138054
-4979.91342925954
-5120.618363594431
-5063.690524813186
-5154.457542665838
-5168.37165720819
-4928.0118489029355
-5150.126350903778
-5034.7102556273
-5200.340985006562
-5305.967050265762
-5025.538601136477
-5025.003884566439
-5075.204248424114
-5006.177914882502
-5137.116355544077
-5066.684824389643
-5117.21340203367
-5009.985906040857
-5058.307590597284
-5125.525996380646
-5143.978281511724
-5061.489184686715
-5016.409543866977
-5268.3743342786875
-4979.216972374283
-5180.382060404803
-5212.854941297015
-5288.266728235096
-5162.0585818062855
-5075.166283511049
-5236.446021763529
-5223.9409587944565
-5194.764396048985
-5010.36858124506
-5132.014420787593
-5114.917517538859
-5189.639593123149
-4910.467025474484
-5316.89800771817
-4890.3357557858835
-4935.688087026158
-5155.377022105912
-5081.286653042802
-5010.450929484762
-5117.0399843749765
-5196.1651943733505
-5174.61563889797
-4951.953072876887
-5084.832481102107
-5206.05187428482
-5130.4077340347985
-4982.71982617426
-5293.930188145792
-5122.163687294127
-5178.613923145981
-5135.415181748826
-4963.512943470755
-5341.376361580308
-5083.7239236543855
-5112.564704662567
-5072.575108321432
-4830.504019065315
-5088.835319067595
-4928.547630844241
-5116.828887170625
-5100.17806753722
-5171.287212131072
-5199.3335133600895
-5018.308099004441
-5064.8143588546345
-5041.127479942042
-5102.567719786053
-5229.348262116477
-5079.822914731829
-5051.188402922129
-5225.51711254562
-4994.029513468714
-5381.390427226586
-5193.787500177479
-4909.708256174641
-5204.895879427217
-5420.332165186584
-5269.228282819351
-5205.899193553242
-5156.76331876361
-5096.271557188516
-5095.925882484312
-5267.258029008389
-5018.377511318046
-5202.354119320287
-5162.875421247436
-5121.295779816633
-5102.931302758127
-5198.584178584338
-5173.972870686475
-5074.362033362656
-5182.453944465237
-4997.605759807295
-5085.536593018631
-4689.178393830701
-5059.668568042325
-5098.984621658175
-5308.996065326815
-5122.16306927526
-5014.50541296114
-5195.864035040206
-5086.291918538886
-5089.799161539241
-5194.001865574836
-5101.656273430302
-5292.502283897196
-5100.332905604382
-4939.860824384541
-5125.76991325138
-5055.795885369265
-5473.5556914984145
-5258.912240996408
-5002.421797280554
-4933.740107050727
-5042.293562058236
-5055.171377052679
-5089.398443689128
-5189.960276327897
-5208.862920055945
-5004.628077903097
-5081.882196184074
-5031.749984717249
-5071.340621868389
-5097.412173481171
-4902.010826913302
-5030.140537468696
-5063.337171648086
-5277.839328832998
-5079.999746394109
-4932.764099531441
-5013.772375669584
-4966.453915317415
-5034.539664194157
-5037.194243845055
-5141.547564992019
-5057.917694249969
-5041.434218877407
-5038.125491649769
-5092.134571032818
-5216.10761551671
-4850.271252119867
-4855.941849301397
-5285.105282489723
-5114.312075113153
-4973.06274510026
-5052.86043504115
-5187.147062821494
-5085.959283242329
-5153.279172026985
-4953.689309492001
-5200.231952184169
-4991.317423126052
-4967.641403615777
-5022.068954047847
-5014.78475368341
-5035.244871539725
-5169.845977250153
-5086.217198762905
-4973.269386442943
-5028.756089983505
-5151.011733582039
-5143.070677935573
-5139.465570544052
-5123.556084110648
-5157.478007404888
-5125.210731055266
-5040.486256227904
-5064.645529134038
-5127.27982490616
-5108.513219960006
-5090.464289274961
-5038.097487307997
-5052.082281911138
-4887.419321117005
-5055.027969119305
-4876.531955459489
-4942.858349250091
-4852.024748219416
-4971.247670039244
-4682.0945192842155
-4833.030751452456
-4697.8290983614515
-4975.610747439274
-5002.236387079016
-4959.984821924833
-4918.290260755335
-4813.646506549851
-1565.9208523783075
147.6695059859173
127.45143476757976
84.06016270794206
-70.28593696833595
48.65430900688095
0.43000493988692634
-61.39525426586329
91.21929258838306
106.59296209220932
-104.91620952459677
-23.098707576764202
57.38711965199789
43.25826828434766
120.21257792320844
146.1200758751881
354.86004279917154
138.61922438000173
479.8273464166179
194.48604992697489
322.85269320947845
402.83975531001494
298.8581623215771
389.14355295991817
538.3797655949592
416.1356207563829
390.4954340398166
509.59976751743324
470.88476901083425
379.3378946364053
519.0877276118545
466.14171240687034
525.2656868210971
618.8793574421892
494.6805941608496
499.84291696597364
526.8835063260809
496.2090424905216
695.890513742688
782.8479453904413
497.3202333793076
909.9151359331831
595.9092794529672
665.8080260247841
658.2467125318759
757.8095920804266
627.9532554165683
790.588271622861
764.5255612511341
484.99733371889977
662.0710960915774
557.9128563177404
772.3221567335548
609.0627059831106
690.4253396213605
757.4544927999298
814.4608069694732
854.2285001594308
763.2312047467175
819.9947662391511
869.2556674333383
784.2105555189281
623.8692132628825
798.6139145819288
983.5943637127274
967.3494543068639
784.2002806815706
961.2552381751535
951.4349654326234
969.0299650457163
742.7187330668174
704.0815285075015
929.3863382033492
877.4453701676633
809.4236158311638
737.5486259407622
878.6537949176842
868.1411073754047
753.0402646147669
944.6720312129456
958.8113355669296
846.7129946188296
767.6035424716935
969.3349760513415
813.1916951411628
802.086144129478
1001.7869135884683
877.2869076777561
727.8167411372214
863.0185598956931
781.6675585060625
869.3554029590401
679.9207698701706
957.6336439421655
899.3857755630162
983.4946454999297
875.3588848611791
916.6107497987373
965.3758800606068
882.4698006865394
943.8854116693097
867.6404548199401
708.2074631297436
902.2781726655511
936.9281043580328
796.4569084350281
807.4475646970536
858.1411978494366
909.9826353086365
783.3929694122861
1015.4822038993348
852.2169409765118
949.5909731783626
665.3477143619152
848.1635066433543
914.069285440876
725.5959704918047
876.9468213124674
847.0574944572919
764.0660304583304
873.7236041657609
783.3725826542791
888.91514405388
1008.4400484684754
829.7191800837667
914.041692425385
759.2041492484127
853.7246506708533
882.716966030751
893.5433497028192
1027.9446778722304
808.0422315306847
763.7234643452294
852.3767785178261
992.3311960676695
878.4557287598112
816.071934091326
867.5637116274453
851.3615787674615
966.7741020722829
854.1761159496606
897.3921517534966
793.9737402039303
888.9176239709235
976.9729963193745
813.7044720737534
831.8132350896394
1059.80342398856
902.363791293429
994.5126552312709
853.6512368267839
926.2064188815809
1028.5702482000959
1010.7542860803258
770.8400276797615
819.6135967765603
619.9581369843501
927.6855110018273
933.5251552429769
1002.4247342448245
1001.9470246604506
892.7536535711871
836.8280509985651
1011.9406549713365
877.0811997691512
1000.1126330931941
830.3641928662059
799.591131997655
755.2922868585874
1034.263099156256
917.8507782926316
975.958354197919
930.258143204791
822.5279598595222
904.6533953383839
980.0055299178146
886.1659322039178
936.6609160158806
740.5452214002433
842.1243480554929
942.6865948819137
843.5150625929505
960.6737927861378
902.4218982975907
914.2594786683883
852.2617810089695
1021.2794645425811
763.1970041792548
1064.6206731253328
1040.6911942155866
778.7837675008037
920.621542482932
1005.9543787277145
783.9052484794485
674.8161647948076
844.8844222769158
618.7791089841148
962.4552805031269
897.1361428546891
974.0683482689858
819.9780309614248
907.1312145937195
779.9477781200166
909.4239770377827
895.4722343009631
927.9983511329378
860.9924919289704
983.3508147555557
1066.4517003304923
818.6288097612486
762.1478916053421
876.0106185411129
995.255309568105
821.2392036502785
939.0269661297663
919.9548517077629
880.0423520085355
947.3585408353779
597.3397078717244
997.2609315065695
864.3118406566466
1136.5267270317852
706.5439382141276
966.3486799290475
778.119912011402
916.794824329477
1020.8138082780412
1084.0173969374462
900.8877342854145
743.5250296932505
726.9785962725264
847.3315702100479
849.7124942398558
940.5521392139736
770.5672786967361
749.1094054908758
1038.0392279137393
896.6559783370459
981.153730066607
862.5412129468194
976.8506366962015
990.6335426798877
863.0839032418046
1079.2189341806154
934.8033071593204
697.6386222771326
863.3883925336377
883.803358415846
867.6380538427624
735.8034792248235
870.5425336063573
768.7594567004561
932.4468773077184
795.3803864572146
1054.0376814984893
962.7448318004961
761.9552526156436
857.4277399861014
1021.0842867218649
843.5766619169079
1036.144775472246
715.5996517583241
842.3572611053132
852.9529666953949
891.7617459715335
828.3844543817986
744.8850623611667
838.0976169278948
799.6546303518824
883.1296316397171
792.3780012598505
1001.9663143414699
843.443012321673
964.5252384634613
1076.6519708379433
934.0356757356177
913.0863382311513
977.6464274946375
949.5141689053047
1020.4661167912574
836.2023965525974
967.0632896480024
738.017841981482
942.5845217084807
901.4934772916303
998.2389234746097
1057.2613069399547
932.3679232710098
1063.9337584232692
890.9586936328765
951.5710027403608
1003.1713882979599
845.2647571440227
729.2908588135854
963.5806242622602
857.668274303483
991.9055108843693
872.0414802728372
1031.061736856783
898.5681369366519
862.4762070405516
896.9965873078271
897.181303231396
649.8913229533478
923.4347442999657
926.6586230418532
984.9617615812938
943.7997690904972
866.7397560833344
907.9529578433917
971.4226733121975
877.5895175786354
907.7206570792176
964.638997424843
936.112934600238
1140.0118954410264
1152.8353585874934
906.3031421217192
887.9056947128869
965.4032217827445
870.6984127381331
862.9360382670184
849.5361744299727
857.3768439480064
890.4332051903342
847.3680867377399
1056.398423145085
918.9038412829078
935.167994769542
878.2093555213344
652.3553064811102
937.875162781113
858.087965800563
835.2774932952242
858.995200130945
903.881777776318
877.7582857097011
916.6197445216139
915.2115539672828
736.5035631375383
892.742159791833
757.339457160532
885.5992941245204
832.078329654261
985.8091613493175
906.6081615338576
798.032966846612
918.4934338328347
918.5041983502927
859.5220077988859
987.9347019693877
787.769754992087
747.7118321748067
928.5620955309972
795.5497707565776
907.2550435974357
813.1502937886124
981.2381122797533
755.7677219625444
901.0224037966348
954.5639104576352
757.2333322233638
811.8587204454498
1127.2929973781102
1033.2281775343374
929.6272236688609
1079.2309972691664
959.5269521005368
963.9922004764336
862.9314135371835
947.150112128231
761.4199588482458
814.2453923231527
839.0365708819525
803.930893761569
1016.7533001152465
751.7870958080251
918.7732606239437
956.8092957358651
972.109215722098
1031.2912535819978
900.5262111921998
878.9397918026643
963.5144072411147
958.7469839309969
934.4238886780976
740.0355111358812
901.3448853915827
1002.1717941155824
938.7267221602447
909.9147168039643
864.8745001456662
1010.5187525836326
795.1497505718405
926.3799622066582
774.601968739396
927.0059808050563
870.2894513788161
1057.9523281323961
923.6393282410409
810.8038206399755
916.4900071640214
1010.40833340827
824.2414947701412
868.2586935535489
877.7872015592322
868.43280264422
1008.4959287596838
984.6151115973728
850.6248971409175
940.9781066764979
710.5028236685928
792.8648426300208
964.9848444107768
774.6399995970761
948.0058205487265
764.3260902139394
1044.3044693154868
942.3443950969988
826.4136840748246
1049.2476671597958
882.9949266465692
977.2706621800243
983.7188886149271
817.1426137170741
660.1052511544066
862.6907429091845
793.9090064300857
889.7739474256331
820.700422535947
865.4633758328303
1047.8434139732992
992.621386776968
860.0563806746604
933.2090543608285
851.0452984157497
1016.179393304292
932.6187601192797
896.4134562500948
888.9511290455065
910.6356736144273
930.0671815513343
970.5320076318455
864.7327626705165
939.6169128491789
906.4749278891052
892.2258973508959
801.4435916122602
1060.728674545593
817.6565418674708
776.6139281538365
926.396557749168
762.2769697072182
736.6490452191214
878.0493268713136
761.4241220480848
865.4898284623147
804.1702155853992
968.459221909422
831.4684577262482
856.7228056512876
986.9631916109014
844.2877028571743
1026.6011761088625
866.9758202884088
877.8935502955393
755.6544570945227
887.3377757144789
872.8220195825882
864.8485195990737
833.9997041607244
831.9643970498796
902.8990972486368
1031.5866306296518
859.7254342747163
1013.7785566396291
934.7772218824624
924.3730708573469
875.7660462114945
796.958146014006
974.0424310580418
770.4146053166594
1127.7210764744457
981.953563428513
789.2230656543195
970.7178004468725
885.6693238261955
973.2294322499544
759.6245784802773
795.5648919395354
961.2796619142039
895.198559787456
944.581988800704
1053.8709544221292
745.2694244769903
868.5679100582681
759.4066392502629
795.874199840312
915.7464516331198
986.080335039545
921.6110537193232
973.4094587056011
908.3973988818535
1018.8640231677701
820.6565570084845
852.6811131474877
908.9897980260748
887.0129448442299
890.7581920555212
769.4754313484561
1025.944987018421
969.8811899986657
765.4495564121745
903.7901506000086
831.9944208862449
807.2021535386729
928.5112714304712
996.8913549605454
968.4278845750074
901.6673829642018
805.6085083493964
902.6460537572544
932.2516592520008
742.1794748892437
780.6772714191159
882.0952723889628
881.220600526727
849.7145877812646
850.6258345800801
841.2384714614452
946.3084868337774
917.4097521587041
991.4620645119167
980.6088276901663
1042.3593563854313
970.2404547308533
839.1981143491631
795.7865234969038
961.6203293075974
873.6120428725353
899.1495394478225
897.8487943441135
927.5839319735492
879.8751652724602
1079.1572458830663
910.6915348311118
844.2676615456344
971.927833674966
1002.3114449999757
837.2110812002097
737.1324363821076
979.6482615620642
902.079679161245
919.0879908664862
790.8805976791986
791.9582632164752
972.230647347435
927.6979558764291
750.0655144506634
739.2401808236599
980.9563476431872
1113.7283355370228
969.7620514991457
901.77934063632
767.8705439318101
717.9237973729979
1010.9904321569217
851.028901003879
794.4549950340872
863.4212377289703
666.4807521785532
678.1564999914929
824.2622322021687
946.7020526640027
830.5549180170218
908.973548138109
921.2948671283158
1057.6424646854134
688.4951348368709
907.0446884900525
948.0031860047985
806.9096546482372
838.7950314046127
957.0904393970172
759.2543118416454
873.8832991086028
822.5457701711653
938.7909716919168
1003.872021704271
860.8363814566518
1053.3920147439776
864.621504884344
687.1698824733896
925.8023205775843
992.4667251237084
954.0610839544473
920.9355117643584
942.5333405717821
749.9659770052045
875.9811071786108
1002.1427022080899
829.1727393909347
978.9205989757351
1021.8542502651463
802.0155218493521
737.0812348080162
876.3107701213514
914.2560146057095
991.7149043112927
863.8337713257117
906.6645366910251
904.3863371297907
802.2615969745775
1016.9857551657896
882.7844960429774
1025.2066984369637
916.9312634573367
1055.2795942467249
914.7453215926648
794.905643982638
871.4254472497062
1053.653544100434
726.9059980438726
858.902379406911
906.4190665507416
1034.0140356115903
1061.331188354064
897.4408589351935
863.9540487420003
887.0464832019188
937.3219019616937
781.0255693680133
952.9773531472903
954.9112343761539
931.7637313143101
624.7576515799697
876.2463940176502
871.5330425344329
711.5452498221637
952.9351456790438
1008.144000695461
904.0353753135781
900.7214156091287
970.9092408270186
734.3495057551603
781.5706126076476
898.4035950539802
902.7933707540832
814.6346453072787
859.4036113335989
945.3812812466248
864.0508790572037
1084.013812731153
795.50053397271
936.078770666084
835.5031522817234
832.3188752307373
926.773114877218
824.7192412696176
766.4575135890034
877.8904493066866
845.6963850490886
988.0909533094134
791.6409661688767
765.8277355308754
908.8555793607413
907.1244871720838
921.2400822301771
837.3736955518518
948.0048981219492
838.8264826868755
897.910811197827
784.2112053771143
816.113189158861
902.4389978569778
1062.8361797891303
861.3235776626627
943.1592535912489
990.917364769077
724.624753416028
874.7525000302927
829.2922441260778
893.6514620138904
970.8565159319819
753.981989871685
829.5729673862941
846.5344392132139
994.5773408323358
767.4900155300348
928.3507908339972
848.4383094536307
926.7638250151365
943.5624225385003
914.1677733588288
1042.97174835016
819.2677331111579
1021.4272423281001
961.4326197975907
912.6677087164463
857.3966143571199
871.0213783242076
920.3670534504563
1074.6262019202152
1008.5969410306402
947.7362797716165
885.1877339107441
839.8980123233175
950.385029984385
892.7986931174922
802.2802615310756
935.5037409837109
833.8254543209083
868.4192074012876
878.0651147867834
1084.6794831497502
762.6428122796284
972.0004745634684
903.451780661113
890.0088958608081
985.4678238471132
768.6030747962158
891.0656906199539
997.1247846094741
854.5602186619864
973.4005552471951
825.5296560998405
797.7794153849046
913.0323548794456
718.0997863875557
877.0335100331182
1055.5030177728743
824.7188714547938
857.0444349904872
695.6410099014381
932.3917364289787
911.368937220894
1111.8719178282881
1028.4461651915021
839.0863112462227
1036.1123693464315
1019.6469070877055
891.1343127832911
821.2243679087414
772.0602841970704
858.0377451083054
845.6946547569439
654.3846527699625
987.8003969193463
938.8973720101864
842.6239934101038
894.6709040537085
984.5055088721224
799.5048656648656
734.5633059501769
1049.254330452744
896.4532520123865
866.5112991320698
952.3835046797005
874.1409088560209
844.3165334558287
1004.2389094926898
938.2725655698572
906.4724487894485
683.2571726082538
916.3503479174417
868.7831090181037
893.5917714542134
833.3606222098224
970.9102584395959
932.9431461138454
1124.4424933773844
793.0125885727532
746.9534131987078
1034.3974231355153
873.9491747622454
876.4309466164667
961.7266903012057
812.1103380107799
845.093793601327
892.2893035797892
1048.2424502379827
923.8452015970895
914.4113921080344
815.436421144412
825.5327495742679
995.4302214645824
771.1083139757537
842.0080713484718
772.7263841957645
917.288805854187
771.5328879552396
906.833934208177
729.1365195511285
871.770448621886
855.7464312988493
874.3507497050819
799.2676911524804
889.7614127258862
768.0602444104636
928.041083391851
1051.305707890604
819.6830656328199
834.4572104757242
958.4215825624586
829.9446045330607
944.911040679629
840.9202622926837
870.3231448665015
1006.4683729629495
1037.307628902888
1008.7951602106095
924.4228048334081
1141.4992499642901
934.134991547966
852.5277269478911
792.2395234344203
882.9822008822051
944.9953177918484
759.9784988815059
1062.1416267170803
868.9916734968717
909.1572584657397
735.6896073632573
923.8695036078261
847.9327776439557
943.9034290010496
880.5953190333249
908.5324893018714
913.4068678276224
963.6458283364432
879.5480381709673
1031.0250151608934
842.3269430733937
784.8006904861102
988.1837874363671
698.1986037841338
780.9512672996576
913.2057346627691
818.6987016790548
1049.8351487626662
866.6677121797313
867.4495684927961
921.4675672653674
802.8889075088383
764.1109218735522
920.0856829101781
1004.2803357844219
708.6323372179927
777.4813724667732
816.2243829128331
1050.0371847632234
939.1302088922423
753.0344655341836
899.3447535169149
833.7562638747698
887.7472914851271
1007.847454989759
915.1349572081402
744.0782026392709
810.8375517694086
935.5024489775117
706.1730863151457
888.972629533694
1087.3218845498857
911.1206587420367
819.1954114079199
808.0649174218927
823.5708579137716
1012.2650546651802
1046.1128257544897
827.7470576337179
842.4042173792044
889.6600623050418
974.7558217228715
741.7021149690588
1018.9666276781063
891.6453716772248
894.6239472141381
887.7233602688111
969.8538091613967
936.2220937003393
817.8702232206335
903.7136974574265
845.4359584229134
883.2143738599042
922.7293884302345
894.9334189610461
938.5737210482611
894.9258747721559
1036.9117927771308
952.7531061901632
830.8619929824324
849.9750883725842
920.0385685988753
1193.0523639903686
734.5666169521049
836.5612800040652
700.1989341138848
919.7770268895429
1028.0278298269602
831.8371945401964
936.7885352676738
938.2993644055244
1024.698414017888
861.9326414296248
919.3819760572949
996.8470415279314
978.506975295913
950.0597105981185
857.6690852656417
868.9213348156771
823.1336928031607
1127.766746467042
850.2623676290214
997.5170542240735
893.6078819794598
864.7793332625074
929.8703878995087
917.9837558372194
993.85071770345
875.5450953249712
966.6079962867036
883.5795745631037
933.4661527641568
833.5992411853641
834.0436867972263
1025.3737597925813
840.2011505789719
975.3415327984304
930.7242267796236
784.7294623435052
900.8999116909739
840.0315444126886
854.7586427191949
854.6681831703667
755.0335989602778
1036.4466745130721
877.5841209649951
1012.4315259364229
824.3222367766999
852.696782132215
974.0013910040177
914.0967237487151
978.6142646199285
927.1319824382078
849.4309487616143
888.048804942357
901.4004906883656
812.605149393376
1066.1571562134075
885.6845671991243
760.8838184724292
775.5481339763982
890.980744218842
778.1509328634509
890.5760480712141
978.6215779267179
980.8431078838566
721.9571708243615
836.3539796884718
866.7952975366354
925.5577822148573
983.5390642010724
807.6000456950538
884.2907099046652
893.036621864378
769.7703566067134
737.3555238468483
922.5063978106051
846.9302380580463
960.1755342621042
990.1835226549838
997.8349500734473
844.3583963192028
1064.742631642432
917.3701607778611
947.8288739200542
968.6896299528584
1007.2117563818131
974.2176059363405
903.0786597081003
879.4754295736906
751.8176482211908
780.0996420086001
712.5511698136893
894.6194910596469
1091.8402490464582
943.2087906453837
915.8371270270811
939.8444018509721
877.8559793283151
931.286177386742
897.6665313504928
867.2872777733639
809.6901654881963
866.8507546984516
957.9972375263005
993.6015249037337
975.886439335252
1138.5970002546974
1150.5079575419143
969.3502652811957
1040.0648393300874
1049.4525263340768
851.1648572481572
891.378846472494
810.9551045995095
853.7993981770347
1000.6947693072793
788.0704258127261
1045.4402064222793
1039.1611607971338
1017.5934630620419
964.5862301630223
892.2055941349522
877.9230352916187
866.8159599582068
826.9085004832624
833.63234817416
1059.2791241205246
808.8876389171301
882.7261053122145
940.0093797797582
1021.778658427512
814.5259089026155
773.6012322976029
894.9318590947696
948.690683572612
871.0826936288006
925.9636436812912
988.6254931441224
912.2131068994939
940.0100780381923
724.0974336223998
807.8940497631148
948.7975636818628
748.9576254164291
912.1102645885694
883.1158069134112
993.5951755518174
785.2432995284573
779.3672933802111
926.8506714337335
887.973379537565
850.3265509845147
875.587964674853
910.2980021939594
958.8485651518844
1096.2582064097262
943.6295939312753
860.912506629801
682.7332231755339
897.3971089340115
690.3536876553188
846.5695835023996
991.3158930522648
692.7104226341764
966.5690879731421
1024.9046867375207
1027.7093431044705
863.8202048100458
663.4781949604957
890.0922871409007
868.4796436594211
976.6044123637448
921.4694436801121
957.5729957570641
854.0926929718839
898.3847266571622
901.8614883546535
912.6674072088878
884.4129384145233
914.8175205175322
970.8437832545604
917.438096577021
865.1387400603811
820.026921622641
1011.1920955712621
886.8686034502698
827.8352090898031
727.7680388738535
1027.0060779388389
800.4959531245778
1028.013311692969
859.2016542485118
934.6982025545149
999.5035243548945
886.5190693510579
844.2854948761523
853.6445852282645
863.302566821395
799.3171623036657
866.1294188385112
896.220050948927
893.3710785124338
997.64833832396
1018.8534666108682
902.6109502322552
764.7130344236892
892.6692328941969
910.0332929128539
945.1901708638837
1009.0079460770576
1024.4881268292613
984.5622472821028
878.74840720974
947.7006142988964
868.7320237282311
888.970629660611
974.9977171901262
1014.382381956032
905.6363981362575
1042.4826963708947
1175.174337249268
812.8011807596271
883.9354632370067
891.4002451744849
917.2264612050035
843.3850670010604
997.1374535393028
984.8638161878098
916.2316522895106
822.654317663661
732.7876827713718
798.7621792919325
1056.500832338973
934.3909643718507
990.4106441582009
870.9150612482209
861.3207391641704
811.6571928344649
842.4999339948163
898.6239542705329
1000.6538652905645
871.0020594663349
872.5320910329416
934.5029653980474
1024.069594631781
1011.6604316708991
757.2493396110486
920.495029485189
803.8551762313567
838.1227646583233
775.742810144847
1037.5454447158772
970.2110561633319
859.5727351870287
864.9965519983733
865.2859014686169
784.7262819669859
918.0479855239737
908.8065772222742
962.5049235569769
790.7962122599866
888.3371436576657
1091.7369259497984
1008.2103373006842
890.5897831052966
998.7345100780864
908.9076443207445
894.7985531146135
887.6699807127955
942.3394434379323
811.0062153014476
865.3655945525699
829.2740731667113
914.2019450080223
900.4921858287678
824.2360756572498
895.9166833749321
841.7287662219901
785.6246989578199
865.0585509817276
772.1534046738468
826.6943635178537
900.4648552372516
907.3904308448638
995.4751132376292
797.6048941871461
804.5278194471655
1023.5926835265866
837.9498163896224
937.7083558009995
953.8652556842981
801.6002853574968
988.3128323753967
908.0433956395486
903.0505696913913
933.1012795204824
868.6791156298269
980.6593891857909
872.2144287597354
967.9676294081936
977.4501763573155
723.2647755029258
915.5489025350203
967.7510178481413
903.4630792020441
867.1653901851977
815.9398012605977
984.3719666668092
894.7489332965663
996.2031770721147
884.1175749074507
977.7411208381301
930.0231407282291
990.4863464900742
939.491047253807
974.1525767781201
947.3925068744506
1075.1775316987869
936.067820981586
882.4211141960247
884.5498905193324
1130.1444854332042
870.1146794323363
855.0372277899313
791.2963939602291
809.4527699367197
863.7687775817484
849.3286356800106
813.8299869827691
900.0009471296906
807.7980455374635
721.7113886192134
890.0423763216302
801.281180107321
864.7145889095189
887.9134606275857
915.9887153404223
984.7512466278242
795.7900480050228
984.1697796275163
858.4093951107864
864.6686379327163
893.660880383492
873.2456926042039
913.8661158877682
789.6365575670532
915.2621367674762
940.6508125327489
667.0435926846867
916.1513533561684
856.2573281740812
985.0447960323603
784.9923183434418
974.4903128645925
730.6375986858936
815.5003404775214
800.1766385587924
932.4099918634164
810.9931349115537
1017.8905001089172
946.9373109458639
937.5277238111723
770.0860107070031
988.4046455724624
1033.401989753272
819.08710335489
743.6064662124109
684.8119404734312
1029.6676926148461
894.7732139196661
930.4248370172816
1005.1543056229016
790.5032263599512
944.5989801760179
822.8962446597011
1015.9853997958658
911.189889115602
798.7046932763265
836.3494152320097
1087.444603752181
976.8779346741209
828.0557951371018
961.3635208548742
929.2640494424527
966.4053993651377
1035.6210098590816
879.3795018015512
919.6129508117373
833.1482217867999
990.3540724370818
819.030608052672
931.5788192973722
883.2531957047183
964.8115588089164
924.1013910553801
868.7578415789353
1016.3431761510219
969.3623491759338
1108.807204153142
1000.453098633806
920.4217294982192
1011.1820029518631
864.6519399515687
877.653141983121
956.3730113488282
948.9459358119667
1052.8918470878898
979.3055690444177
1034.4082044424051
865.5735855037053
944.0258931493922
1083.6514360506512
1067.8374258352198
907.0238619429415
988.5433826672994
1031.7249142536373
1001.494288235047
950.2190743788314
1126.059926700927
978.7296795405342
976.1002262824184
986.0705699162971
1000.0244186161045
880.8807363398283
977.7664616516658
963.3733720610165
1022.2805934263215
994.1638613903365
1101.9405820967552
986.003254879893
1193.4081521805717
1050.9683965922939
1025.4617072730136
903.9417626641164
1233.4304540707506
940.6933855738625
938.2450522553152
971.7455736584542
1015.4454244756571
854.2340990248009
779.9464818697091
846.1470897992425
1008.7630984890102
837.5265957508184
1069.1899012226818
1026.7922796201499
1139.5145960548075
943.6952997677652
1042.919361520555
994.5321358678112
1070.2908684363706
879.7294430311059
1066.0124170104468
1078.9616466890952
1036.6952611226952
1176.281177558921
994.3647081416249
1019.54557523117
1066.6226769828625
1049.2531560369212
1035.7284039927572
1030.219699482763
899.5849168053568
1117.3857902147981
1119.629669788585
1007.2895359970756
1021.5060513169732
821.4785162609074
1068.6421355299797
1128.8815177114232
923.4465779173647
1002.9030267458132
1079.0192623403454
1038.0283771678455
1113.610264276194
980.6641358216997
1151.480237323055
1074.6547161133915
1097.7115939314424
1105.5588422337519
1204.6072694700158
958.9569323071435
932.2234353492086
1101.7864725831855
1053.3636265587497
1005.2765002039057
1093.064341452554
1044.199462218932
946.1564600468437
957.2185634949925
1097.855031423441
916.517427357246
992.8176334639054
880.160885889253
807.2147823814953
1052.074799651297
1001.0620400216442
1003.3941348640001
965.489259383209
1077.2975174553883
1003.2009564423325
926.6477739110671
918.2548197226502
951.5808177120531
993.4500807168556
990.5710575095737
1045.9026345079922
945.055273487812
1047.388586181785
910.4189093383286
973.3256572879966
874.8718046666839
871.2921225876022
980.5298648601141
954.0882945660521
1141.7671711067455
1138.178924853484
999.0736160618379
919.5850697422469
1083.6358589392712
1137.3714079755525
1027.8269999762038
948.4288494791658
1157.7580069226033
1054.6194954516877
1034.53773485104
968.905316150146
950.0061196247559
1062.3202430715778
920.8318952139462
1022.6202932032936
1040.6169045046722
971.1166174715497
1108.2170997661499
1088.4404501261492
1062.2784426648211
998.5637192461644
1031.584085112666
1044.7198210233178
1259.1641469591016
1110.2753936222568
1033.1947360573797
751.7350457901211
1131.2778966568042
1126.215824314953
927.1968512327081
944.8601145572419
987.742479370336
1004.0786212463751
1130.139590029017
1067.3168328338086
1088.2534307696603
1040.1589302456093
982.2400597647653
1138.897437515926
996.1383152811154
1058.1381089751935
1006.2312675926956
873.6348205664742
946.1832009365233
1010.3755219667939
982.1156179829044
1017.3670570346535
905.0887605497334
901.9285882684528
1092.081956584848
933.4491176326138
1061.8014686165711
1108.650435549037
954.1451251362887
897.1958146114604
959.1597228441863
1120.7320160673273
1035.8287777715555
1095.1125558138863
922.4647516871088
1058.4663507593311
921.6904315375328
1045.0171285786996
1003.5164164800805
1075.420538786945
971.6898876811706
955.4611352149859
1068.3320065108483
962.334719027565
983.3162655508269
1182.720172232576
1165.109586599944
1003.9695990524245
901.7784365582692
1112.6363387909307
1046.1652966256538
1089.6457009085916
1102.5144268521374
1161.9490642915162
935.5609682775139
948.0120038732555
1123.2212237815781
1083.2707873198215
1044.5682071806457
1076.044285317658
1005.0484654295826
968.3587510462016
974.8978771641996
1064.2626062572303
990.2325267966329
923.9810109364246
1067.2502563007176
1024.5660604407153
1141.0138699190948
1048.1992403490467
1119.3360870046695
1098.3913206954826
912.9526263936696
931.4544738860668
1059.614562344205
1137.9994264298666
990.3003999679255
1051.490360344488
1016.5823165755802
1025.2900188523101
976.2072983794297
976.4411777065552
1132.7951936576173
992.8507986968486
1010.0159835011581
1079.6129468073245
932.7933281873799
1011.0653558189298
970.0161356604541
1063.082404665307
965.2886396082741
983.8981323354346
862.3184428179933
843.5890618779566
902.2990236191939
1125.4071109976853
1096.2338067193937
1040.7978980056505
1036.5958250504614
1083.614112552
913.7330582422385
908.1491041292817
998.3982825873835
989.8175223577471
997.193850686074
1017.1235349095969
887.2555840555326
1016.5474292804088
1054.1592229515945
1045.416453802078
1126.1622495118042
884.629154731892
1095.498548137665
1026.1830659737632
927.2435789998871
1073.3144158743692
1043.830309082651
1122.1711391099561
1062.8870769422856
989.5863337065294
1005.9999973134271
1039.6321084245888
944.2668201882007
1105.07704965606
943.042488819909
1076.623873472774
1006.150608427329
1104.3919716872385
1038.8402375676378
1028.191295790827
1047.8342833835259
1020.3689065349588
966.3209955357032
1129.0133019410237
1047.8559536779542
876.0632373135718
1067.680859513707
916.8313501330407
868.7150198944604
845.7782219684127
1008.379765707606
950.8232226990142
1063.4965469079095
965.8550057528105
960.6714099003569
892.7244602803743
1007.8119835378898
1010.5118421481308
1082.0289152420605
988.8653540509595
884.937723000968
981.4137054032714
1113.4314294402832
1162.3022182080888
1015.8230339271712
1194.7760600838676
1089.0040946532195
1083.4976848248466
1098.9113528891014
930.4029007458716
987.2656311485055
1292.702095952726
1003.2751589545342
977.3803973810332
1048.0335097004072
1016.8765266644849
1092.28653388653
939.1708366756133
1004.0963923709385
1104.3761517895134
1105.8316336359846
1088.896842612241
1099.1102592892626
1027.5139242374678
931.3638227980726
1008.121729673417
1140.3382781157336
911.9402074203149
1058.567150795313
1024.321905013137
1177.7337404881482
1063.809754266233
827.8238516210608
983.0649693563591
1105.012756856556
1104.416477600177
1058.4988338502326
1011.3993119271737
972.0388489774473
1100.7142177490834
935.8442262872919
1100.7966788444448
990.4240361020453
1037.3956085664713
862.7297669557894
985.4040405321688
999.891260038302
1201.4291008628375
892.9536344308383
921.5437755759028
982.0966875173439
1011.9243496937393
1088.4894413409895
1068.2785710961382
1151.7364740524624
1012.3429401213904
1018.0234200878141
1133.2953898470785
964.9500453753427
1116.575556854536
1130.1463030010773
1054.0955927633984
1112.2502248863752
867.9106966327707
1103.3246319511136
1072.3022024624966
1036.1640652046353
936.6845487242229
1169.57244414189
1145.4273508863878
1027.4216983144638
1034.6700040108417
961.6773272890537
908.3320857850739
1039.769004678838
1048.0561293386015
928.6249618845276
988.4160531221313
863.000623987242
834.6054310623997
1164.8088989635246
1019.5835680724869
1088.843428101858
889.2473658381302
1070.6023482702294
1152.1602319148358
1141.4772553019354
898.3853477329232
1129.1532431931164
834.4213903661597
1179.7318633918235
1164.7726726996102
985.4153117255712
854.0654543132047
1017.258187908665
1175.9384264661799
1030.1711642927003
1032.5839392338362
991.4492927744974
1022.5658361700381
1069.7274350203645
1144.5822220809027
956.3680999734353
1096.7243732784123
983.4016572669494
928.3654130634153
983.40670487912
1217.2875091515887
1123.3862318896363
998.4240262496483
1135.417071706239
1039.112595619024
1056.5866361260314
1020.2951165032113
1038.1761806223121
1147.7203252323268
1024.5594595764635
1010.2059771782797
1177.7024681366788
1018.670155082918
1001.5862908923737
1169.9359665586167
978.5418328814433
1004.7769275771797
975.3200241201877
1011.0543495429653
950.9961783943386
1194.3350356214085
977.59623405968
1176.8340391343145
1107.0913451443234
1194.2303977403476
1004.3597928984924
1028.453857475873
974.2353768294417
1246.8160563347521