
1731.0647250505065
1773.5654969081431
1667.6310166986095
1752.9802594706387
1823.7861234778043
1751.1792500602937
1816.6673936480852
1738.7294487965298
1802.3865356125962
1782.508856579283
1762.5129364870058
1866.8589644830602
1702.8055352148774
1810.9361783702452
1765.4579232697333
1755.608837867663
1738.7073416244687
1823.3982638419216
1607.4340235759437
1644.6830103711445
1794.477589780793
1854.0689803584098
1735.0271034765476
1807.7410621096574
1822.8670553727447
1862.0302172531315
1811.0969518941079
1664.283270536757
1719.7585089160364
1750.5278406500147
1796.8286726560793
1748.3700110553518
1826.536058049094
1767.6906305603209
1794.0797785569116
1889.2645226060345
1767.8661755887324
1843.9969474238655
1796.4320264531025
1769.759511364537
1851.6819845434452
1765.9025589410871
1745.7140570115005
1700.7182607185687
1804.6439124841424
1815.722905023269
1907.3595116271676
1940.6583475142756
1776.0278941292186
1779.2075098233724
1815.248745690182
1877.3100505309885
1774.0538503911828
1836.9439380137653
1857.2761339791618
1758.3161307441628
1754.870697486562
1775.1100937116355
1895.252134915609
1770.9244913860375
1767.3844416055088
1904.556543225719
1870.722925211815
1827.4695800102
1778.717856079722
1880.4252788877568
1955.829945153441
1872.9550756627184
1916.7845031388078
1815.7613025076553
1832.7515192125907
1751.9403980702912
1756.677366910605
1837.5144341107575
1907.264351306806
1743.0950543390088
1835.1563752166126
1773.9660147761294
1864.8215635382592
1906.4294930858525
1947.7037037152058
1849.7159063700362
1867.590493117676
1898.0725068063325
1738.0036385965818
1827.679693866172
1878.5154303391405
1994.0966923627002
1823.6190374505018
1792.4288674441655
1788.1305148687768
1839.290004896853
1861.7941127220186
1854.9603447458146
1832.0698812960648
1828.7455470336683
1862.0305396864155
1793.9546520080103
1858.5943436464536
1842.2207115633078
1809.3935622600536
1830.523036719276
1776.8860963867191
1850.3501271519178
1787.7888837846253
1798.9654730323152
1810.8251771382743
1858.1754996789575
1802.2893955222005
1849.9754401975492
1763.7614723540808
1831.5831623948352
1821.8112684619045
1867.6658270592518
1908.0664083807892
1876.360353616765
1822.7394370641427
1834.5948378818357
1877.7796624828272
1910.8434212802488
1774.1738892805151
1831.876983455463
1862.9198889761942
1826.1675065929796
1904.2973580257167
1976.2280147114352
1871.6019671754839
1910.5688245544147
1841.8578155948576
1916.0326270143191
1872.0073982148856
1892.361615467633
1834.7043537479174
1903.159169735527
1864.7180461563153
1888.260581651824
1795.1138750696848
1821.222127562292
1840.530735082923
1807.0452078985804
2005.9402606472431
1962.7882364466716
1810.8327591241532
1943.5433478558634
1968.2334415656085
1871.9105819441754
1778.849514455656
1784.7844937021657
1860.6858820913699
1880.3298683555684
1775.3497298158638
1856.8057884476566
1837.335220808225
1808.4393795243757
1865.1163174830858
1881.8089377327997
1844.941924822765
1848.666571075378
1893.4123694186537
1856.4229973619147
1952.986176125435
1893.2463577350163
1862.8633086243115
1851.9473571417172
1853.1304109957196
1930.6589418902563
1800.9974787091799
1754.4215668106676
1900.8693573534533
1839.1528535664243
1940.8883478738928
1902.0368926995502
1866.4485747544973
1899.5923522960534
1832.4441493480933
1877.8080102602914
1922.7783049960833
1725.8666605217381
1888.9733189749343
2007.882088719708
1938.085725416619
1917.4890315380585
1967.024753386112
1853.798870313133
1787.2058974120273
1884.0677402752324
1906.1287895341732
1833.431021039479
1824.791714005949
1869.8488298928733
1992.139007750936
1901.1230990054776
1963.8882735148834
1854.532524123023
1974.1547661057828
1839.155635377179
1753.3266534165552
1937.9594715199753
1933.7513378263902
1781.0820655785224
1704.2172776579423
1862.0191929671566