-656.0
-557.0
-512.0
-512.0
-431.0
-407.0
-386.0
-368.0
-368.0
-368.0
-368.0
-347.0
-347.0
-347.0
-347.0
-335.0
-335.0
-326.0
-326.0
-326.0
-308.0
-677.0
-647.0
-560.0
-560.0
-407.0
-407.0
-344.0
-335.0
-332.0
-332.0
-311.0
-311.0
-311.0
-287.0
-641.0
-545.0
-650.0
-545.0
-542.0
-545.0
-701.0
-596.0
-557.0
-566.0
-569.0
-563.0
-560.0
-563.0
-404.0
-428.0
-413.0
-428.0
-458.0
-398.0
-464.0
-443.0
-410.0
-416.0
-380.0
-365.0
-290.0
-332.0
-314.0
-356.0
-383.0
-287.0
-320.0
-356.0
-317.0
-320.0
-338.0
-308.0
-356.0
-305.0
-359.0
-347.0
-281.0
-335.0
-365.0
-317.0
-344.0
-272.0
-296.0
-293.0
-260.0
-203.0
-344.0
-275.0
-269.0
-272.0
-326.0
-287.0
-308.0
-287.0
-266.0
-323.0
-302.0
-290.0
-236.0
-248.0
-287.0
-281.0
-230.0
-221.0
-302.0
-293.0
-257.0
-284.0
-263.0
-254.0
-320.0
-317.0
-278.0
-287.0
-365.0
-239.0
-230.0
-251.0
-248.0
-227.0
-275.0
-182.0
-242.0
-278.0
-206.0
-293.0
-263.0
-194.0
-248.0
-227.0
-242.0
-215.0
-206.0
-248.0
-296.0
-206.0
-185.0
-239.0
-212.0
-212.0
-224.0
-266.0
-248.0
-257.0
-248.0
-224.0
-233.0
-176.0
-185.0
-242.0
-275.0
-239.0
-203.0
-209.0
-209.0
-215.0
-221.0
-275.0
-176.0
-257.0
-230.0
-200.0
-236.0
-158.0
-188.0
-248.0
-212.0
-230.0
-197.0
-257.0
-215.0
-185.0
-221.0
-236.0
-257.0
-242.0
-242.0
-200.0
-257.0
-203.0
-227.0
-260.0
-275.0
-245.0
-230.0
-197.0
-200.0
-215.0
-230.0
-206.0
-206.0
-146.0
-161.0
-230.0
-191.0
-188.0
-266.0
-254.0
-254.0
-161.0
-206.0
-233.0
-197.0
-218.0
-176.0
-218.0
-209.0
-206.0
-233.0
-167.0
-164.0
-230.0
-227.0
-155.0
-191.0
-212.0
-179.0
-212.0
-179.0
-230.0
-236.0
-197.0
-191.0
-161.0
-137.0
-167.0
-227.0
-248.0
-221.0
-194.0
-140.0
-239.0
-224.0
-173.0
-248.0
-236.0
-152.0
-170.0
-209.0
-188.0
-164.0
-167.0
-203.0
-191.0
-218.0
-209.0
-209.0
-179.0
-146.0
-215.0
-149.0
-230.0
-164.0
-197.0
-167.0
-182.0
-137.0
-191.0
-218.0
-179.0
-203.0
-212.0
-212.0
-170.0
-173.0
-182.0
-218.0
-188.0
-137.0
-212.0
-248.0
-197.0
-200.0
-206.0
-167.0
-170.0
-134.0
-125.0
-167.0
-206.0
-176.0
-188.0
-164.0
-167.0
-191.0
-116.0
-149.0
-179.0
-218.0
-134.0
-164.0
-221.0
-188.0
-173.0
-188.0
-167.0
-179.0
-185.0
-122.0
-146.0
-179.0
-155.0
-197.0
-224.0
-143.0
-164.0
-143.0
-179.0
-197.0
-200.0
-191.0
-179.0
-116.0
-170.0
-179.0
-179.0
-197.0
-179.0
-158.0
-143.0
-203.0
-179.0
-170.0
-194.0
-146.0
-164.0
-113.0
-176.0
-170.0
-167.0
-200.0
-200.0
-143.0
-179.0
-119.0
-191.0
-263.0
-125.0
-113.0
-176.0
-164.0
-185.0
-134.0
-131.0
-170.0
-176.0
-113.0
-170.0
-185.0
-176.0
-173.0
-92.0
-188.0
-173.0
-170.0
-167.0
-182.0
-203.0
-143.0
-164.0
-140.0
-143.0
-152.0
-209.0
-164.0
-149.0
-167.0
-176.0
-161.0
-128.0
-152.0
-167.0
-146.0
-119.0
-170.0
-122.0
-122.0
-203.0
-185.0
-200.0
-137.0
-173.0
-152.0
-146.0
-167.0
-134.0
-155.0
-158.0
-143.0
-119.0
-203.0
-161.0
-143.0
-140.0
-164.0
-149.0
-98.0
-173.0
-149.0
-164.0
-146.0
-179.0
-176.0
-188.0
-128.0
-182.0
-113.0
-119.0
-131.0
-176.0
-185.0
-173.0
-209.0
-134.0
-131.0
-125.0
-164.0
-188.0
-155.0
-158.0
-152.0
-173.0
-176.0
-152.0
-149.0
-197.0
-218.0
-203.0
-197.0
-164.0
-194.0
-173.0
-173.0
-167.0
-182.0
-155.0
-146.0
-125.0
-155.0
-134.0
-188.0
-119.0
-137.0
-170.0
-155.0
-158.0
-134.0
-137.0
-152.0
-188.0
-173.0
-200.0
-155.0
-134.0
-119.0
-167.0
-188.0
-185.0
-128.0
-164.0
-215.0
-182.0
-155.0
-119.0
-161.0
-176.0
-119.0
-158.0
-164.0
-128.0
-152.0
-188.0
-224.0
-137.0
-173.0
-164.0
-188.0
-161.0
-125.0
-155.0
-179.0
-218.0
-110.0
-173.0
-152.0
-116.0
-179.0
-179.0
-134.0
-176.0
-131.0
-143.0
-143.0
-191.0
-170.0
-131.0
-188.0
-134.0
-221.0
-167.0
-158.0
-188.0
-176.0
-167.0
-131.0
-167.0
-161.0
-182.0
-158.0
-146.0
-206.0
-149.0
-194.0
-143.0
-176.0
-128.0
-194.0
-197.0
-125.0
-218.0
-185.0
-203.0
-188.0
-227.0
-113.0
-149.0
-218.0
-206.0
-116.0
-134.0
-161.0
-176.0
-188.0
-194.0
-182.0
-197.0
-215.0
-152.0
-194.0
-164.0
-206.0
-185.0
-194.0
-164.0
-131.0
-176.0
-185.0
-122.0
-167.0
-179.0
-116.0
-191.0
-191.0
-182.0
-164.0
-158.0
-176.0
-185.0
-188.0
-167.0
-164.0
-209.0
-200.0
-131.0
-197.0
-206.0
-164.0
-239.0
-167.0
-215.0
-158.0
-179.0
-194.0
-152.0
-200.0
-251.0
-131.0
-200.0
-182.0
-197.0
-161.0
-131.0
-155.0
-131.0
-140.0
-140.0
-218.0
-116.0
-128.0
-143.0
-206.0
-170.0
-200.0
-113.0
-152.0
-167.0
-149.0
-200.0
-161.0
-167.0
-161.0
-173.0
-176.0
-206.0
-200.0
-134.0
-143.0
-119.0
-170.0
-164.0
-107.0
-89.0
-107.0
-77.0
-167.0
-83.0
-119.0
-131.0
-152.0
-110.0
-176.0
-161.0
-134.0
-167.0
-134.0
-119.0
-137.0
-65.0
-131.0
-161.0
-140.0
-98.0
-158.0
-158.0
-176.0
-113.0
-134.0
-89.0
-116.0
-122.0
-101.0
-110.0
-125.0
-140.0
-134.0
-185.0
-140.0
-107.0
-113.0
-149.0
-173.0
-164.0
-125.0
-143.0
-125.0
-95.0
-152.0
-122.0
-140.0
-137.0
-113.0
-158.0
-182.0
-113.0
-104.0
-155.0
-110.0
-185.0
-116.0
-101.0
-134.0
-143.0
-107.0
-182.0
-164.0
-167.0
-119.0
-125.0
-185.0
-131.0
-128.0
-140.0
-164.0
-152.0
-155.0
-161.0
-134.0
-188.0
-167.0
-71.0
-164.0
-176.0
-149.0
-182.0
-188.0
-194.0
-152.0
-137.0
-185.0
-110.0
-101.0
-182.0
-131.0
-158.0
-146.0
-146.0
-113.0
-140.0
-164.0
-128.0
-86.0
-155.0
-146.0
-170.0
-158.0
-128.0
-140.0
-191.0
-134.0
-101.0
-152.0
-140.0
-110.0
-131.0
-182.0
-152.0
-98.0
-149.0
-137.0
-155.0
-101.0
-86.0
-167.0
-161.0
-188.0
-122.0
-137.0
-197.0
-137.0
-116.0
-134.0
-92.0
-80.0
-149.0
-98.0
-107.0
-179.0
-68.0
-107.0
-152.0
-140.0
-119.0
-152.0
-176.0
-161.0
-107.0
-197.0
-98.0
-131.0
-143.0
