
-180.74833522512358
-180.74833522512358
-180.74833522512358
-180.74833522512358
-180.74833522512358
-180.74833522512358
-180.74833522512358
-180.74833522512358
-180.74833522512358
-180.74833522512358
-180.74833522512358
-180.74833522512358
-523.3088413415212
-243.36145394881217
-243.36145394881217
-243.36145394881217
-243.36145394881217
-243.36145394881217
-243.36145394881217
-243.36145394881217
-243.36145394881217
-243.36145394881217
-243.36145394881217
-93.97520625759046
-93.97520625759046
-93.97520625759046
-93.97520625759046
-93.97520625759046
-93.97520625759046
39.79504651284639
-441.0510740509698
-41.227484358799
55.63296337570807
-316.41088576035617
-176.06995581026987