
-154.88811568408235
-3236.2759461655514
-3401.1563859640037
-3456.8249598841053
-3417.7177665146974
-3308.0595942256755
-3310.7932302845848
-3287.109022012376
-3245.0823857111127
-3208.0709862047975
-3169.686205446224
-3419.5296327213637
-3347.7493693202173
-3245.1057591998865
-3140.0228422708196
-3311.742687708645
-3364.9231458007216
-3088.198343688405
-3238.7356426428933
-3256.314753887438
-3281.826747763611
-3209.9350156175083
-3218.7093912156297
-2974.6399130118484
-3137.7584286726774
-3030.548377802494
-2976.9220956756044
-2855.135009006187
-2939.4246661460556
-2754.4537862595735
-3052.384585881877
-3139.20502546556
-3072.827347624789
-3086.238245046404
-3031.0576767305383
-3157.7871707798136
-2777.34454486865
-3019.1536687165144
-3076.7010447822317
-2970.222276055137
-3002.355889604441
-3029.393662034667
-3045.158807777474
-3130.678023854019
-2909.6981528277524
-3221.837719668032
-3000.2134635777516
-2814.572458427454
-2999.1986714166696
-2935.012511964293
-2935.38842523677
-2877.648303248329
-2918.0661078472326
-2897.501043414358
-2891.0789870505455
-2813.444696131101
-2977.256078639505
-2982.2816005037857
-2890.470883168918
-2744.161442146353
-2992.6309244645076
-2827.804758305818
-2625.8017221102573
-2960.1464472303355
-2944.918875766935
-2747.009043906831
-2815.724209910108
-2875.564758561294
-2959.064623484647
-2762.395072978036
-2722.86107534478
-2921.066103829112
-3377.5984280434445
-1597.3366110118407
-3390.4332236934474