
-686.9006702303368
-686.9006702303368
-686.9006702303368
-417.4619506791146
-45.08794157500164
-45.08794157500164
-45.08794157500164
-45.08794157500164
-45.08794157500164
-45.08794157500164
-45.08794157500164
-45.08794157500164
8.825087426729194
47.09252692023477
47.09252692023477
47.09252692023477
47.09252692023477
47.09252692023477
47.09252692023477
47.09252692023477
47.09252692023477
47.09252692023477
47.09252692023477
47.09252692023477
47.09252692023477
47.09252692023477
47.09252692023477
47.09252692023477
47.09252692023477
47.09252692023477
47.09252692023477
47.09252692023477
47.09252692023477
47.09252692023477
47.09252692023477
47.09252692023477
47.09252692023477
47.09252692023477
47.09252692023477
47.09252692023477
47.09252692023477
47.09252692023477
47.09252692023477
47.09252692023477
47.09252692023477
47.09252692023477
47.09252692023477
47.09252692023477
47.09252692023477
47.09252692023477
47.09252692023477
47.09252692023477
47.09252692023477
47.09252692023477
47.09252692023477
47.09252692023477
47.09252692023477
47.09252692023477
47.09252692023477
47.09252692023477
47.09252692023477
47.09252692023477
47.09252692023477
47.09252692023477
47.09252692023477
47.09252692023477
47.09252692023477
47.09252692023477
47.09252692023477
47.09252692023477
47.09252692023477
47.09252692023477
47.09252692023477
47.09252692023477
47.09252692023477
47.09252692023477
47.09252692023477
47.09252692023477
47.09252692023477
47.09252692023477
47.09252692023477
47.09252692023477
47.09252692023477
47.09252692023477
47.09252692023477
47.09252692023477
47.09252692023477
47.09252692023477
47.09252692023477
47.09252692023477
47.09252692023477
47.09252692023477
47.09252692023477
47.09252692023477
47.09252692023477
47.09252692023477
47.09252692023477
47.09252692023477
47.09252692023477
47.09252692023477
47.09252692023477
47.09252692023477
47.09252692023477
47.09252692023477
47.09252692023477
47.09252692023477
47.09252692023477
47.09252692023477
47.09252692023477
47.09252692023477
47.09252692023477
47.09252692023477
47.09252692023477
47.09252692023477
47.09252692023477
47.09252692023477
47.09252692023477
47.09252692023477
47.09252692023477
47.09252692023477
47.09252692023477
47.09252692023477
47.09252692023477
47.09252692023477
47.09252692023477
47.09252692023477
47.09252692023477
47.09252692023477
47.09252692023477
47.09252692023477
47.09252692023477
47.09252692023477
47.09252692023477
47.09252692023477
47.09252692023477
47.09252692023477
47.09252692023477
47.09252692023477
47.09252692023477
47.09252692023477
47.09252692023477
47.09252692023477
47.09252692023477
47.09252692023477
47.09252692023477
47.09252692023477
47.09252692023477
47.09252692023477
47.09252692023477
47.09252692023477
47.09252692023477
47.09252692023477
47.09252692023477
47.09252692023477
47.09252692023477
47.09252692023477
47.09252692023477
47.09252692023477
47.09252692023477
47.09252692023477
47.09252692023477
47.09252692023477
47.09252692023477
47.09252692023477
47.09252692023477
47.09252692023477
47.09252692023477
47.09252692023477
47.09252692023477
47.09252692023477
47.09252692023477
47.09252692023477
47.09252692023477
47.09252692023477
47.09252692023477
47.09252692023477
47.09252692023477
47.09252692023477
47.09252692023477
47.09252692023477
47.09252692023477
47.09252692023477
47.09252692023477
47.09252692023477
47.09252692023477
47.09252692023477
47.09252692023477
47.09252692023477
47.09252692023477
47.09252692023477
47.09252692023477
47.09252692023477
47.09252692023477
47.09252692023477
47.09252692023477
47.09252692023477
47.09252692023477
47.09252692023477
47.09252692023477
47.09252692023477
47.09252692023477
47.09252692023477
47.09252692023477
47.09252692023477
47.09252692023477
47.09252692023477
47.09252692023477
47.09252692023477
47.09252692023477
47.09252692023477
47.09252692023477
47.09252692023477
47.09252692023477
47.09252692023477
47.09252692023477
47.09252692023477
47.09252692023477
47.09252692023477
47.09252692023477
47.09252692023477
47.09252692023477
47.09252692023477
47.09252692023477
47.09252692023477
47.09252692023477
47.09252692023477
47.09252692023477
47.09252692023477
47.09252692023477
47.09252692023477
47.09252692023477
47.09252692023477
47.09252692023477
47.09252692023477
47.09252692023477
47.09252692023477
47.09252692023477
47.09252692023477
47.09252692023477
47.09252692023477
47.09252692023477
47.09252692023477
47.09252692023477
47.09252692023477
47.09252692023477
47.09252692023477
47.09252692023477
47.09252692023477
47.09252692023477
47.09252692023477
47.09252692023477
47.09252692023477
47.09252692023477
47.09252692023477
47.09252692023477
47.09252692023477
47.09252692023477
47.09252692023477
47.09252692023477
47.09252692023477
47.09252692023477
47.09252692023477
47.09252692023477
47.09252692023477
47.09252692023477
47.09252692023477
47.09252692023477
47.09252692023477
47.09252692023477
47.09252692023477
47.09252692023477
47.09252692023477
47.09252692023477
47.09252692023477
47.09252692023477
47.09252692023477
47.09252692023477
47.09252692023477
47.09252692023477
47.09252692023477
47.09252692023477
47.09252692023477
47.09252692023477
47.09252692023477
47.09252692023477
47.09252692023477
47.09252692023477
47.09252692023477
47.09252692023477
47.09252692023477
47.09252692023477
47.09252692023477
47.09252692023477
47.09252692023477
47.09252692023477
47.09252692023477
47.09252692023477
47.09252692023477
47.09252692023477
47.09252692023477
47.09252692023477
47.09252692023477
47.09252692023477
47.09252692023477
47.09252692023477
47.09252692023477
47.09252692023477
47.09252692023477
47.09252692023477
47.09252692023477
47.09252692023477
47.09252692023477
47.09252692023477
47.09252692023477
47.09252692023477
47.09252692023477
47.09252692023477
47.09252692023477
47.09252692023477
47.09252692023477
47.09252692023477
47.09252692023477
47.09252692023477
47.09252692023477
47.09252692023477
47.09252692023477
47.09252692023477
47.09252692023477
47.09252692023477
47.09252692023477
47.09252692023477
47.09252692023477
47.09252692023477
47.09252692023477
47.09252692023477
47.09252692023477
47.09252692023477
47.09252692023477
47.09252692023477
47.09252692023477
47.09252692023477
47.09252692023477
47.09252692023477
47.09252692023477
47.09252692023477
47.09252692023477
47.09252692023477
47.09252692023477
47.09252692023477
47.09252692023477
47.09252692023477
47.09252692023477
47.09252692023477
47.09252692023477
47.09252692023477
47.09252692023477
47.09252692023477
47.09252692023477
47.09252692023477
47.09252692023477
47.09252692023477
47.09252692023477
47.09252692023477
47.09252692023477
47.09252692023477
47.09252692023477
47.09252692023477
47.09252692023477
47.09252692023477
47.09252692023477
47.09252692023477
47.09252692023477
47.09252692023477
47.09252692023477
47.09252692023477
47.09252692023477
47.09252692023477
47.09252692023477
47.09252692023477
47.09252692023477
47.09252692023477
47.09252692023477
47.09252692023477
47.09252692023477
47.09252692023477
47.09252692023477
47.09252692023477
47.09252692023477
47.09252692023477
47.09252692023477
47.09252692023477
47.09252692023477
47.09252692023477
47.09252692023477
47.09252692023477
47.09252692023477
47.09252692023477
47.09252692023477
47.09252692023477
47.09252692023477
47.09252692023477
47.09252692023477
47.09252692023477
47.09252692023477
47.09252692023477
47.09252692023477
47.09252692023477
47.09252692023477
47.09252692023477
47.09252692023477
47.09252692023477
47.09252692023477
47.09252692023477
47.09252692023477
47.09252692023477
47.09252692023477
47.09252692023477
47.09252692023477
47.09252692023477
47.09252692023477
47.09252692023477
47.09252692023477
47.09252692023477
47.09252692023477
47.09252692023477
47.09252692023477
47.09252692023477
47.09252692023477
47.09252692023477
47.09252692023477
47.09252692023477
47.09252692023477
47.09252692023477
47.09252692023477
47.09252692023477
47.09252692023477
47.09252692023477
47.09252692023477
47.09252692023477
47.09252692023477
47.09252692023477
47.09252692023477
47.09252692023477
47.09252692023477
47.09252692023477
47.09252692023477
47.09252692023477
47.09252692023477
47.09252692023477
47.09252692023477
47.09252692023477
47.09252692023477
47.09252692023477
47.09252692023477
47.09252692023477
47.09252692023477
47.09252692023477
47.09252692023477
47.09252692023477
47.09252692023477
47.09252692023477
47.09252692023477
47.09252692023477
47.09252692023477
47.09252692023477
47.09252692023477
47.09252692023477
47.09252692023477
47.09252692023477
47.09252692023477
47.09252692023477
47.09252692023477
47.09252692023477
47.09252692023477
47.09252692023477
47.09252692023477
47.09252692023477
47.09252692023477
47.09252692023477
47.09252692023477
47.09252692023477
47.09252692023477
47.09252692023477
47.09252692023477
47.09252692023477
47.09252692023477
47.09252692023477
47.09252692023477
47.09252692023477
47.09252692023477
47.09252692023477
47.09252692023477
47.09252692023477
47.09252692023477
47.09252692023477
47.09252692023477
47.09252692023477
47.09252692023477
47.09252692023477
47.09252692023477
47.09252692023477
47.09252692023477
47.09252692023477
47.09252692023477
47.09252692023477
47.09252692023477
47.09252692023477
47.09252692023477
47.09252692023477
47.09252692023477
47.09252692023477
47.09252692023477
47.09252692023477
47.09252692023477
47.09252692023477
47.09252692023477
47.09252692023477
47.09252692023477
47.09252692023477
47.09252692023477
47.09252692023477
47.09252692023477
47.09252692023477
47.09252692023477
47.09252692023477
47.09252692023477
47.09252692023477
47.09252692023477
47.09252692023477
47.09252692023477
47.09252692023477
47.09252692023477
47.09252692023477
47.09252692023477
47.09252692023477
47.09252692023477
47.09252692023477
47.09252692023477
47.09252692023477
47.09252692023477
47.09252692023477
47.09252692023477
47.09252692023477
47.09252692023477
47.09252692023477
47.09252692023477
47.09252692023477
47.09252692023477
47.09252692023477
47.09252692023477
47.09252692023477
47.09252692023477
47.09252692023477
47.09252692023477
47.09252692023477
47.09252692023477
47.09252692023477
47.09252692023477
47.09252692023477
47.09252692023477
47.09252692023477
47.09252692023477
47.09252692023477
47.09252692023477
47.09252692023477
47.09252692023477
47.09252692023477
47.09252692023477
47.09252692023477
47.09252692023477
47.09252692023477
47.09252692023477
47.09252692023477
47.09252692023477
47.09252692023477
47.09252692023477
47.09252692023477
47.09252692023477
47.09252692023477
47.09252692023477
47.09252692023477
47.09252692023477
47.09252692023477
47.09252692023477
47.09252692023477
47.09252692023477
47.09252692023477
47.09252692023477
47.09252692023477
47.09252692023477
47.09252692023477
47.09252692023477
47.09252692023477
47.09252692023477
47.09252692023477
47.09252692023477
47.09252692023477
47.09252692023477
47.09252692023477
47.09252692023477
47.09252692023477
47.09252692023477
47.09252692023477
47.09252692023477
47.09252692023477
47.09252692023477
47.09252692023477
47.09252692023477
47.09252692023477
47.09252692023477
47.09252692023477
47.09252692023477
47.09252692023477
47.09252692023477
47.09252692023477
47.09252692023477
47.09252692023477
47.09252692023477
47.09252692023477
47.09252692023477
47.09252692023477
47.09252692023477
47.09252692023477
47.09252692023477
47.09252692023477
47.09252692023477
47.09252692023477
47.09252692023477
47.09252692023477
47.09252692023477
47.09252692023477
47.09252692023477
47.09252692023477
47.09252692023477
47.09252692023477
47.09252692023477
47.09252692023477
47.09252692023477
47.09252692023477
47.09252692023477
47.09252692023477
47.09252692023477
47.09252692023477
47.09252692023477
47.09252692023477
47.09252692023477
47.09252692023477
47.09252692023477
47.09252692023477
47.09252692023477
47.09252692023477
47.09252692023477
47.09252692023477
47.09252692023477
47.09252692023477
47.09252692023477
47.09252692023477
47.09252692023477
47.09252692023477
47.09252692023477
47.09252692023477
47.09252692023477
47.09252692023477
47.09252692023477
47.09252692023477
47.09252692023477
47.09252692023477
47.09252692023477
47.09252692023477
47.09252692023477
47.09252692023477
47.09252692023477
47.09252692023477
47.09252692023477
47.09252692023477
47.09252692023477
47.09252692023477
47.09252692023477
47.09252692023477
47.09252692023477
47.09252692023477
47.09252692023477
47.09252692023477
47.09252692023477
47.09252692023477
47.09252692023477
47.09252692023477
47.09252692023477
47.09252692023477
47.09252692023477
47.09252692023477
47.09252692023477
47.09252692023477
47.09252692023477
47.09252692023477
47.09252692023477
47.09252692023477
47.09252692023477
47.09252692023477
47.09252692023477
47.09252692023477
47.09252692023477
47.09252692023477
47.09252692023477
47.09252692023477
47.09252692023477
47.09252692023477
47.09252692023477
47.09252692023477
47.09252692023477
47.09252692023477
47.09252692023477
47.09252692023477
47.09252692023477
47.09252692023477
47.09252692023477
47.09252692023477
47.09252692023477
47.09252692023477
47.09252692023477
47.09252692023477
47.09252692023477
47.09252692023477
47.09252692023477
47.09252692023477
47.09252692023477
47.09252692023477
47.09252692023477
47.09252692023477
47.09252692023477
47.09252692023477
47.09252692023477
47.09252692023477
47.09252692023477
47.09252692023477
47.09252692023477
47.09252692023477
47.09252692023477
47.09252692023477
47.09252692023477
47.09252692023477
47.09252692023477
47.09252692023477
47.09252692023477
47.09252692023477
47.09252692023477
47.09252692023477
47.09252692023477
47.09252692023477
47.09252692023477
47.09252692023477
47.09252692023477
47.09252692023477
47.09252692023477
47.09252692023477
47.09252692023477
47.09252692023477
47.09252692023477
47.09252692023477
47.09252692023477
47.09252692023477
47.09252692023477
47.09252692023477
47.09252692023477
47.09252692023477
47.09252692023477
47.09252692023477
47.09252692023477
47.09252692023477
47.09252692023477
47.09252692023477
47.09252692023477
47.09252692023477
47.09252692023477
47.09252692023477
47.09252692023477
47.09252692023477
47.09252692023477
47.09252692023477
47.09252692023477
47.09252692023477
47.09252692023477
47.09252692023477
47.09252692023477
47.09252692023477
47.09252692023477
47.09252692023477
47.09252692023477
47.09252692023477
47.09252692023477
47.09252692023477
47.09252692023477
47.09252692023477
47.09252692023477
47.09252692023477
47.09252692023477
47.09252692023477
47.09252692023477
47.09252692023477
47.09252692023477
47.09252692023477
47.09252692023477
47.09252692023477
47.09252692023477
47.09252692023477
47.09252692023477
47.09252692023477
47.09252692023477
47.09252692023477
47.09252692023477
47.09252692023477
47.09252692023477
47.09252692023477
47.09252692023477
47.09252692023477
47.09252692023477
47.09252692023477
47.09252692023477
47.09252692023477
47.09252692023477
47.09252692023477
47.09252692023477
47.09252692023477
47.09252692023477
47.09252692023477
47.09252692023477
47.09252692023477
47.09252692023477
47.09252692023477
47.09252692023477
47.09252692023477
47.09252692023477
47.09252692023477
47.09252692023477
47.09252692023477
47.09252692023477
47.09252692023477
47.09252692023477
47.09252692023477
47.09252692023477
47.09252692023477
47.09252692023477
47.09252692023477
47.09252692023477
47.09252692023477
47.09252692023477
47.09252692023477
47.09252692023477
47.09252692023477
47.09252692023477
47.09252692023477
47.09252692023477
47.09252692023477
47.09252692023477
47.09252692023477
47.09252692023477
47.09252692023477
47.09252692023477
47.09252692023477
47.09252692023477
47.09252692023477
47.09252692023477
47.09252692023477
47.09252692023477
47.09252692023477
47.09252692023477
47.09252692023477
47.09252692023477
47.09252692023477
47.09252692023477
47.09252692023477
47.09252692023477
47.09252692023477
47.09252692023477
47.09252692023477
47.09252692023477
47.09252692023477
47.09252692023477
47.09252692023477
47.09252692023477
47.09252692023477
47.09252692023477
47.09252692023477
47.09252692023477
47.09252692023477
47.09252692023477
47.09252692023477
47.09252692023477
47.09252692023477
47.09252692023477
47.09252692023477
47.09252692023477
47.09252692023477
266.06800814217
228.1410542024426
215.24924037987475
254.83815344979098
255.32611173979467
238.42868861562738
72.31345890436258
34.67474579801677
83.78582598872738
195.6032899706114
11.33510842744112
34.429413199645296
75.53343997405368
-60.28692995726774
7.198616073642218
-21.07995319011306
-57.70470201135587
-148.29020141591516
-100.48125364074194
-25.25898050645575
13.32803499294274
-56.97310141862531
-46.60701654301105
-24.19044565625961
40.001056941286635
3.8734523352952666
-48.13890649735852
-3.5468273977428657